0.32045804646585724
0.22551031188019194
0.010877552838950876
0.12153016293214042
0.2921189164460496
0.24095537601989012
-0.031143617470320083
0.07748465585938873
0.015602064803506868
0.14533336753668544
-0.5566933248098931
-0.6908171049944133
-0.25236252234046497
0.18322098333951825
-0.1685646760931113
0.17722147798866777
0.33403382018214545
0.36650241048723486
0.2985439500995699
0.5554402726131014
0.524234965351798
0.4598557847228092
0.583836882859229
0.6630684799591162
0.7171778083663686
0.6194934657223419
0.8197858310337754
0.38143901135783026
0.3088604362155786
0.23062564058430537
0.14460566014126244
0.4011856568446617
0.4534516333909193
0.4754874519721831
0.43248274698273503
0.3323942272469121
0.49785902282059696
0.3283754499400539
0.32014112188240323
0.4215635691306373
0.4142570784655537
0.7658650280261228
0.5726101811607697
0.24888156504039877
0.312048006111538
0.0556963884022266
0.30392607577655484
0.35865199907108575
0.49708552946443946
0.31763956936133975
0.07029244626943124
0.006516289424649832
-0.1243030304511106
0.20263854868604536
-0.031729974389801505
0.2774883408429433
0.27935339370460666
0.0672288301127093
0.5270484497781757
0.5728527584603447
0.5694124289963073
0.03486619752197098
-0.016557314342573938
-0.027905603032130823
0.19509930503432085
-0.18401728089939606
-0.07804380734412074
-0.1615419070083691
-0.28950006973213743
-0.3774098696157985
-0.059751723370829665
-0.17487952914215033
0.04268273408449609
-0.0713569270558336
0.39350980291322174
-0.1807577284845332
0.04770960611356226
0.45403712581542266
0.665854231709029
0.5443563996078602
0.5681424873156257
0.8452075526191613
0.6254635175483392
0.3581900482585611
0.7077041583144477
0.9355171784234806
1.026304138029873
0.8905468937833718
0.9192812959465648
0.9970617315407431
0.9677898351735047
0.868597111295487
0.7356392910011467
0.7232545319251983
-0.05716637655278498
0.23234076406550538
0.4028233886520461
0.47565210319652107
0.6178683015150152
0.5728607244738194
0.6982518060244327
0.7173619228492528
0.773246453434179
0.5801325400816862
0.7064581817748035
0.7602423338263857
1.0187100687303092
0.9579495133724865
1.129367188305476
0.7301517417388849
0.8361297170494264
0.693762313933274
0.9820015202936903
-0.3586811312362114
-0.6696550965648452
-0.5573780459653107
-0.44941354152901697
-0.37073085059572947
-0.07412093662014635
0.14299550463130006
0.1483925375692756
-0.09245542480330897
-0.2807463615212352
0.22132996065048374
0.151993050806915
0.12356774111304056
0.3490684732307183
0.5676973155994027
0.7315554241345622
0.4609368970026138
0.7681502730749847
1.2054885523291148
1.0378209595495789
1.0397401072028638
0.9952617868334758
1.320552627300001
0.7156849956223472
0.6606006425251897
1.2833761826594157
0.6251732575639494
0.8005037997339702
-0.8783876777541455
-1.2233723108570707
0.40731285379075877
0.7734575444014317
-1.2708983468772026
0.4849821374884794
0.2783430393232009
0.6992934281513565
-2.1613749469370496
-2.5027356118726036
-1.2439086226250524
-0.8765189591151866
-1.8405086531338168
-1.661518140583673
-2.2745166965860926
-1.7738489857751474
-1.3780753445469136
-1.5207415164608902
-2.204162608976292
-2.631797606047546
-1.5148319726800974
-0.3254392190452944
0.04590192730713752
-0.17754015605201448
0.17066967220158621
0.48261322600301276
0.5312764920161012
0.6704509927291693
0.7010587387073822
1.0521717860515356
0.7391595143124084
0.48475778267801517
1.0195412113723334
1.1586268155371169
0.8173029113949509
0.7977274893002732
1.239092138069615
0.48003297653079585
1.0082596986570729
0.7145587178405881
1.0920021208732338
1.1053903352659842
-0.10711401451093815
0.6991966873326386
0.6649883590790289
0.6986514445680742
0.04952498769810363
0.5525370074006744
0.42193026006246753
0.5021251374754229
0.7453658054598558
0.603209749556217
0.41958223276089235
0.5098376038196907
0.23995710453846855
-0.0036358801644846457
0.20676261475182997
-0.6537594307428344
0.16614934648867638
-0.17373300862531718
0.09318577608731628
0.24810438997731715
-0.4352736664521171
-0.5825785120722586
-0.08241459900122422
-0.17549552113796588
-0.0888090046464217
-0.43810578004394235
-0.8633163236659821
-2.2489152058169295
-1.1741352946034807
-0.03405009204224551
0.16933950942479778
-0.12716927909658585
0.2406015101521568
0.28168860653899086
0.31794614444044655
0.4148371264935991
0.26670511514428796
0.5982474601778187
0.8490699874774262
-0.28912955985069033
-2.5936624979791447
-0.5341147680575643
0.46280487702710843
0.2399259946145009
0.7438468157822012
0.37476757071588046
-0.08843657963468368
-0.06925516427243666
-0.9630255760962715
-1.93780349687993
-1.5572809080225332
-0.9258165104540224
-0.5760254193069061
-0.9454457940273309
0.027914103533699962
0.153709790380953
0.16487636154816077
0.3267761972748407
0.3747818081072577
-0.742480940642212
-1.7668926418883404
-2.074099217027165
-1.1089047986033576
-0.9923497217139352
-0.15604334348394164
-0.6637498698406219
-0.09682071157431578
0.33412472861323855
0.6850809929120757
0.0594418980356628
0.25600125536103263
-0.919259213847052
0.06606621184631063
0.07088907385910194
0.41688123737064636
-0.5790792492872062
0.11854765926387828
0.22211780852223764
0.43642002243151656
0.7525130095180834
0.13414496274131923
-0.2081049980561614
1.1281934330843504
1.1510598216021461
0.6820197638680667
0.4210255661861384
-0.10263995700116504
0.5630055077236965
-0.07527319554947423
0.05631297449610383
-0.11485926565510109
-0.1990429813859753
-0.5029496134282281
0.040581291776063566
-0.55247088472984
-0.7465607230224697
-0.8973811188218488
-0.26503548130064913
-0.9036325227537018
-0.8698486666892867
-0.9712240217228927
-0.6531597856788082
-0.9133721653471482
-0.33065562968086226
-0.17543536131884768
-0.05426521399325858
-1.1635652223807977
-0.3541637243507967
-0.6309553818715337
0.18246280722671776
0.6333360451378212
0.12298380142713589
0.2919742777600195
0.3572870364170084
0.6893851581978829
0.7481381529982934
0.8494820777908058
0.38948759241333486
0.6225533631486303
0.1267578868372824
-0.8426092575255647
-1.5235347113381539
-2.2778867348525655
-1.1234047894262458
-2.5873350938347
-0.4564680328012604
-2.6896915218670223
-1.3521795632278937
-0.3645111961699518
-0.6855638339300641
-0.01058182427351977
0.21643101348409474
0.25042049630119717
0.3917372208936489
0.4381007146875496
0.4839368088780461
0.2757758968427142
0.05517217850425236
0.22321689855247454
0.5086145024711095
0.6603412673500475
0.9583818501134976
0.37955451733063567
-2.320880808232617
-0.4534820774523463
-0.028276789455708072
-2.5988394313097034
-0.2179696676395596
0.07929064177194459
0.032372893383245664
-0.2438652205377942
-0.4564612276483438
-0.34533371919957895
0.11085301850414846
0.24807282581957626
0.31854562038113426
0.25971817020415033
0.17740451731796558
0.18845846842637692
0.5257325995292682
0.6887436607134163
0.3794880776209347
0.6623307670836098
0.8254024392359982
0.29262458910389905
0.48220948774169614
0.26013826224101044
0.273326120390689
-0.21433520385412438
0.24809458888715852
0.628183772138077
-0.7947453073607369
-0.5226290015796206
0.08049548815920021
-0.6072583154185869
-0.1828587687754501
0.6380128117386872
0.9549315356552406
-0.49976878847196565
0.11813890834343783
0.42119112105306145
0.21115620460478712
0.6827920362217123
0.6131849481684837
0.3554352124904074
0.02253675351332783
0.8226209683903392
1.420867118555885
0.14759468120015415
0.3142986446847765
0.7848583245129132
0.7041889033513995
0.917701330662514
0.7604378871241566
1.1428680186318534
0.7824312064283383
0.06430519879631554
-0.4382945077071336
0.18836721566009448
0.484221840117864
0.6781430536029176
0.6957734753207835
0.23359570105658378
0.6552539649865912
0.9391663156032937
0.5883459835347944
0.7179049919076977
0.7198835180218884
0.30175512086189654
0.45882624827274066
0.37013167820295373
0.5656649153524675
-0.4153777657423091
0.3654519339968473
0.6685891344724259
0.6276376435407225
0.45537906726271726
0.04716859947585556
-0.7697094812600699
-0.21151224094277105
0.17862979511490532
0.5356600061785085
-0.35182175245011116
0.10473631550223733
-0.06588054494857613
-0.22145596664205594
-1.723954931979785
-1.4391938100657924
-0.5257172694498626
0.062298107471309934
0.2709407604284872
0.015963841326677334
-0.3135554255503571
-0.21025033549994737
-0.12417909507477946
-0.39954187192291185
-1.7456898164923313
-0.274105403460554
0.14311895344296083
0.14749319044733697
-1.4623644196250176
-1.1566375202556543
-1.4051975731745445
-0.8744244698893071
-0.6160391241373956
-0.639543237998637
-1.2524056709550737
-2.009589413396288
-2.2982314661270107
-1.7938986573543654
-0.8570862217335866
-0.4002968962763242
-0.12631232449244434
-0.13215365611844399
-0.18547760509858116
-1.0339084341341758
-0.6811620699909332
0.025217849761269104
-0.7995055261197801
-0.8081060443695687
-0.1370012297108027
0.01194156532795495
0.5101076628636041
0.36365709292853693
-0.7581462944609015
-0.06268620399247694
0.29919081152961297
0.59379426847922
0.7000735652310907
0.9196456596858179
0.7717540604430074
0.895633376080244
0.8652896115281279
0.35375190244114224
0.602262056628904
0.38028280044862006
0.21269787348083066
-1.4657660938182477
-1.934950782980522
-1.2900390338562133
-1.2517009323535118
-1.5635321396936392
-0.9731379296852066
-0.03417090249196623
-0.9309432383524784
-0.5983650643344789
-0.5528806533205799
-0.5054494150305128
-2.4530158825847352
-1.3940132523799502
-0.5237494101719882
-0.08077676373444202
-0.19028063546617127
-1.5512642760537196
-1.1742313236901203
-1.1591939874225643
-1.8770259356709278
-1.9834766157869899
-1.250813627139429
-2.1328401870015945
-2.578909787851854
-1.3938011092112932
0.09030163509038396
0.21560584303496713
0.10130367769675079
-0.34177519030199544
0.2959219964394061
-0.20185934620052046
0.04513624177154225
0.40315316315508753
0.30925056790911726
0.2458403253540146
0.5621499117077348
0.34374424415186033
0.5582564305498955
0.5063737275539458
0.39491478494123244
0.6481213958108829
0.22142670686841953
-1.5510433823088678
-0.832221542496313
-0.3144058934520471
-0.16315455922491306
-0.0012628976771349087
-0.9570532905978851
-0.6893090428236122
0.3759330579208234
-0.10546827890164417
0.6244226559645989
0.7541119644154888
-0.41394518287788074
0.4495537160309188
0.6341954619963743
0.9207774366320656
1.0837959099963903
1.044173457888336
1.0053424977185843
0.684779856838368
0.8049069593057689
0.35927538593345365
-0.4144975001694286
-1.8229261902114053
-1.0000458680716957
0.28952884585279864
0.4876872850828692
-1.7587034796436365
-0.8158232430435974
-0.5574912141625953
0.09115921906083208
0.24303825279902772
0.2669377566522136
-1.7403023883244513
-2.397945136526056
-0.510961896931732
-1.825203681067556
-1.169907655003799
-2.0178942237992197
-2.5469804524552235
-0.9253604832810616
-0.4809541203346144
-0.9523955725761495
-0.3069723979520489
0.1976901372860812
0.05985879546004049
-0.22225097705789007
0.04950827376845407
0.3661240422749929
-1.5684258716371493
-0.5413140112636379
-0.1866311918246983
-0.5406907639784864
-0.5591886657692909
-2.141496601349674
-2.5746280960428454
-1.8938365546105222
-1.2048824443886188
-0.8198301269110613
-0.38698345195970496
-0.30991068663542054
-2.314691429500238
-1.5126289521446181
-0.3528651039347899
-0.08691313796307273
0.16675748851400396
0.1697872135918204
-0.3683073023595051
-0.9851897526614879
-0.8763062617524028
0.08309875549058326
0.3463742634644113
0.010985395525190567
0.21191741545380277
-0.5661707114967206
-0.05133828094637954
-0.3688744055667837
-0.0019957364653167696
-0.11877224392519801
-0.44976103485634134
-1.5327360706369657
-2.1420817826160774
-2.5030316094877345
-2.5081215125821887
-1.2718809451732256
-0.7209577130503706
-1.626018880341107
-2.1242185062160055
-1.37969659947994
-2.2227473168392065
-2.2234326352462896
-1.8837039930087087
-2.2026724392494756
-1.990358007780618
-0.09672765104986882
-1.06409741055055
-0.32204974857394086
-0.24236726849392234
-0.8861578879979338
0.17016375670601072
-0.0165721334793544
0.3275759447660501
0.7469635819216086
0.7593397856363915
0.13932894912341917
-0.2223988061229954
-1.081605595002343
-0.22040179214995917
0.12883418194528792
0.2239958715437117
0.12401567694777665
-0.499913063148114
-1.1517187200221222
-2.0649958457971764
-0.6593007651931402
-1.1483359438141536
-1.1333973411113014
-0.9509240788623136
-1.4182378518269916
-2.3312456365080987
-2.701403812317584
-1.2729781360522463
-0.674243698233182
-0.6967937677867628
-1.6249854432953095
-1.190060063979341
-1.9107405227792504
-1.6831839128864772
-1.957732226554491
-1.1248077967587964
-1.0836697925276477
-1.1860892347490404
-1.1864269203731395
-1.8456189275699788
-0.48310024918781913
0.10320751675391855
0.32090741578152654
0.3267911055400722
0.22132025316792944
0.25735557316503505
0.2769708773803814
0.15561991744130269
0.360181097734041
-0.6126988933997182
-2.6285184594531286
-1.1951752186967222
-0.42858073543397823
-0.8996253763255336
-0.7591340628224306
-0.6917833851852958
-0.3223044952372652
-0.6907124975428937
-1.044332317927191
-1.0527294807030343
-1.708757085692072
-2.6561301543807496
-2.508926640317199
-1.7801798553878614
-0.31430865485972187
-0.3778731827353171
0.07137531306695641
-0.17755655352377064
0.1591437945078749
0.2540664567778958
-0.42650301007620356
0.12773397740390227
-0.016422506949512538
0.33529279601123363
0.11078834126994758
0.43740028120307856
0.0355722155090271
0.3683220601186848
0.39788705760850673
0.030060688207358674
0.26377905669604257
0.3052596485240956
0.38611059860729113
-0.5906951305629949
-0.01828495547170152
0.19593596822807002
0.30020744854277936
0.38606579231986404
0.5176619970857665
0.22462488256929036
-0.15207244128339728
-0.22192046612810137
-0.22294579085808308
-0.2479299644745025
-0.07963507810903865
0.3176301194284217
0.3445126231760288
-0.3410429754676922
-0.6874298725937149
-2.00152368831607
-0.06561724822258105
-0.2269500068421901
0.07339647466559214
0.09534636611818449
0.05734108273931871
-0.571156148198687
-0.7009817457152009
-0.8477096890210376
-0.0038511426555019514
-0.18587981675050155
0.0939543796149241
0.20782870669115971
0.37273896833880016
0.3160470780909705
0.23069853481668612
0.30620426850001964
0.18979001128449696
0.24291072734610572
0.01651390595986096
0.2426531862260238
0.34966409269530657
0.521399447900215
0.17463077384880987
-0.014267915379547589
0.23048762456269617
0.3551353108463931
0.2586944920417513
0.1708242895170973
0.13018477910623377
0.33605471179901286
-0.05272508637897106
0.17927247800551138
0.26785212425625526
0.22731347116814035
-0.9138675171769276
-0.11323743957010401
-0.20179766547546785
0.17981982046916098
0.04086169751450406
-0.023560339306259656
0.10077167009108734
0.054099551863846365
-0.07078424731661148
-0.25216997436428756
-0.3002737955256535
-0.16686436422903975
-0.9303801766421206
0.062438063042934096
0.49700198809882373
0.3307167609707999
-0.347384861194924
-0.27383120686896933
-0.8318778573852671
-0.23900772000498616
-0.11046122004175535
0.2039380517358415
0.029023593820771812
0.2063838471231135
-0.3973827380810451
-2.445805697852371
-1.3992879858162646
-0.3772188368806394
0.13773667738348844
0.13264917659388328
0.24460489057032145
0.06801409813181901
-0.07532949647303433
-0.11260574503099834
0.10094941104288344
0.13505403922032738
0.19827979570477752
-0.5792658693804529
-1.1445777559003973
-0.22346924643654265
-0.1274517872531646
0.2014779245924961
0.0316316127508398
-0.26638163495406625
-0.12274498249502507
-0.16926485097384225
-2.0637056109628675
-2.453629271618388
-1.472336985958452
-0.014427851526741949
-0.010374146374162454
-0.29265331350052326
0.241701496809861
0.35878135602877154
0.4017406883335851
0.2390415518105536
-0.15792220678524496
-0.4309603949514922
-0.1052086576525816
-0.7622829608570363
-2.321460152476908
-1.2799307691939952
-1.071026499357393
-1.1012950822225296
-1.7937140337999176
-2.369575167108476
-1.9722217585883726
-2.1848821188345964
-2.652493296292759
-1.4377197199055418
-0.040095114497562034
0.12144632915912895
0.13821337982929896
0.2072091788700049
0.21879386427233172
0.13350858247367722
-0.6090692059459042
-0.7515250988492254
-0.11658480031954623
0.02256067586472409
-0.1661168755431153
-1.5045760172124625
-1.1299946125933464
-0.10919157383223277
0.2157699643638298
0.4185602386014622
0.44056293286560716
0.2911688438578716
0.49563233651664296
0.6598414346156845
0.8997386998401155
0.696016320402854
0.33861338972241306
0.6045051417794528
0.6453571682682611
0.7318667865812941
-0.0005615280376511195
0.33775075112605324
0.42297120250834497
0.4607965393770661
0.3503932866387322
0.3063610369910716
0.1731314372736524
0.3625621980457398
0.3450461669139689
0.09175399012686966
0.32683340757055973
-0.06374953097284557
0.11528278371386796
0.2251933307593262
0.009190859594693285
0.3534136854012334
0.5085321018761354
0.46396343551161956
0.0027955214471032603
-0.2422461366794365
-0.0891772661861912
-0.6564069467323179
-1.8613783668831163
-2.563667089990891
-1.1114107062899827
-1.189816064053594
-2.2479545625346873
-2.6432510799413
-0.8526598161519854
0.08990206304566849
-0.08207718486118294
0.1709805380994634
0.34661135109662694
0.20224351156358641
0.2199442950713557
-0.8049666659233128
-0.8071916639943442
-0.0509355310270237
-0.11964582200197876
-0.1255993325861214
-0.10397948461145123
-0.4918789517751368
-0.05076365978785493
-0.0750548079988815
-0.7315149440530582
-2.107046577373134
-0.8819784313426172
0.22993540115933153
0.05767496492297042
0.1752005615204763
0.3989163125789844
0.5942147431391086
0.17583502644595694
-1.0937772134869193
-0.5639111045923731
0.02707250354686187
-1.3091354807145217
-0.293304229625138
0.18304491730708428
-0.04921213721334913
0.21377150771402853
0.14922093061544436
0.21592325688998057
0.3424457912438454
0.18205184073825786
0.21036006865153378
-0.1176765442888559
0.27080061058917876
-0.022549707261752046
0.1025946318116206
-0.25264822506441986
0.11918487883073992
0.14992697145090245
-1.494190372676946
-2.2712663566442153
-2.5170272443104276
-0.862038217498264
-1.4625023541124822
-0.0691807872007633
-0.02346399740086524
0.03433841002874234
0.006301392914920396
0.06529665143470174
-0.10333860369896058
0.16665010870598354
0.18022823931369303
-0.00024395045785562507
-0.8572936437866063
-0.4047412720044046
-0.23068839315386852
-0.9345350511816064
-2.018448702161344
-0.8915361594578844
-0.14732541631562698
-0.6699882985453715
-0.3661450581828056
-1.68602232500161
-2.243853244054964
-1.2999088316166698
-0.25605080765867366
-0.32758433144404037
-0.11897070059430885
-0.16511708847922246
-0.2266350035995629
-0.20104816115750668
-0.12678164174319795
-0.009203883739821363
-0.11888631175842482
-1.1592920244548213
-0.47157810698936975
0.0357979309465841
-0.021496891595227215
0.08847430080423523
-0.025196373088422073
-0.07207539569310502
-0.23176171996804704
-0.274982409269912
-0.19112096272332374
-0.1385605982321801
-0.3156589162029714
-0.6782556728151877
0.013466781336968325
-0.1432060909880939
0.24999507106972835
0.6566635898926069
0.6495308262083853
0.6944582809613326
0.6098067194689718
0.6929591345408207
0.47798979798654995
0.08458120720298934
-0.04395352191912579
0.22519095032369502
-0.24924494168895378
0.23637815314816535
0.15705602435541646
0.24003094579378076
0.5892851963454843
0.5395426646466571
-1.4310585808184653
-1.412959170470869
-0.035238373417339056
-0.9539032483495186
-1.1454302705344666
-0.3815861910092318
-0.7135520302126125
-0.5320254007005852
-0.1463493973304772
-0.0759616500158247
-0.07740739362080724
-0.19704515049393542
-0.5325454429574282
-0.26863295624009437
-1.497825942660023
-2.4446165165667666
-1.4664603235496616
0.02984936602246933
0.2570108188587206
0.2779478395836206
0.33553679566293515
0.39625629864870016
0.5905056871923297
0.5654798982990887
-0.06519250334560861
-1.1731972797703833
-0.06446174739716748
0.4191298188396357
0.3000822953807373
0.18766871138651506
-0.6561165158851519
-0.273099756043238
-0.23503894984094845
0.11783529870338741
0.3910204611921025
0.0663561382224755
0.5386514361060637
0.31287703113552695
0.21104776400688927
-0.35862458991493285
-0.22634940198419218
-0.2839312578402999
-0.3120060778209728
-0.18714731858717504
-0.078948873614402
0.329908649922961
0.026860269392675575
0.474188541480485
0.6579539321314992
1.0346235288993197
0.7121218517812231
0.9467419294067851
1.224537912383244
-0.5429309724054859
0.5543226000854086
0.4771644262344872
0.5577412088451847
0.07451094584230934
0.03548175287559977
0.26055386641166295
-0.03466880348071537
-0.37647542694620545
-0.5233621969245127
-0.20615024963641354
-2.4746270858181028
-1.5351675387349002
-0.4018998395730458
-0.26197472014252005
0.0733940144646917
0.26963727033248186
0.4186813074861543
-0.9769606318214809
-2.4295331036224947
-0.8653612193354462
-1.4481486055636044
-1.6088002368024001
-0.5231701886582089
0.15812240301264097
0.39660894348267317
0.06714746744649717
-0.022105229440934373
-0.8195581382849977
-0.11115664670055801
0.14046697607236958
0.005247280447253051
0.01618766587534213
0.26219121969584686
0.5352300367520739
0.179870293385856
-0.5048597623173574
0.024141723146626846
-1.1825168622329023
-0.020439866279801003
0.14167245827167643
-0.1774778063978544
-0.6705480936775827
0.15618849855605446
0.30220875341981474
0.07924593516109057
-0.7564099538761172
-1.1775473964653782
0.39229749662958446
0.5803226150595069
-0.45206092760338623
-0.7286420019964871
0.040487301567753764
0.31803009066711885
0.4990517108727561
0.2542344532763316
-0.7895850102834339
-0.4558930240144742
-0.02466715651077163
-0.32857583321565587
-1.4312287869497289
-0.32812430294442246
-0.5219105089387521
0.0833629619290233
-0.006415848372357806
-0.48057705791707234
-0.7886871171963985
-0.44754772062841774
0.38630138250537366
0.2259530665320038
0.2846208608898318
0.8114623791456385
0.9133935198648299
-0.46227664616118536
0.2788587743901652
-0.4494895570856122
0.16762142780696787
-0.5204640191613298
0.5280979352013365
0.19962780291377943
-0.7926152511292046
-0.09681068848696919
0.08923898681588958
0.04281056784671843
0.37714548703838874
-0.23391275081536517
0.7590155143197621
0.9446980627321535
-0.060933717569090044
-0.686212615317216
-0.7851874639055714
-0.9119610147635389
-0.701769103927268
-0.7558326137603436
0.058139820828308736
0.04564951270073947
0.22218296349132408
0.20925682464552697
0.04491077820435221
-0.41367634929484426
0.28228296904210454
0.24013171424613325
-0.05277856962710653
0.29517261858659716
-0.05349573042073391
0.4501409667627207
0.045656966163099465
0.6153313927465217
-0.36308127520795386
-0.5758233509550298
0.03640806385436464
0.1471063171649155
0.12072214237334965
-0.2583593599565321
-0.211941869622294
-0.22474727836659703
0.3311791820604805
0.28476634297359044
0.7174607968081887
0.569831389272844
0.2655134695468858
0.6329277685898168
0.793230749429825
1.0331499732756502
0.4028151371086408
0.4634819621808717
-1.0215569526641561
-0.0761067079810923
-0.8353939844883971
0.011640999372165416
0.17569507916968746
0.3259956592359275
-0.25075055401750657
-0.4956959632087509
-1.3016155339534532
-0.5298333566192021
-0.007667215816240369
-0.11450920928910606
0.059583225692506854
0.11846638843064419
-0.07597216067687794
-0.10357289831443937
-0.020699911700478326
0.09617732874191598
-0.2960894160812234
0.3869016965119784
0.1935059641677234
1.0333013614042115
0.9355713637805682
0.9074270654109609
0.8936884322580305
-0.30087985342019796
-0.4328973610620179
-0.17545999791118153
-0.05474171168094556
-0.2968929048231116
0.3001600458248051
0.44882127501493096
0.8776518790986546
0.972574805544614
0.9934253729720582
0.926709808672095
0.29592435144296053
0.8182086441404489
0.6676300982696048
0.48388293763654816
0.19606464529335937
0.24262415376099442
0.04478967327212949
0.025566528903693188
0.26903013614021215
-0.6814599795191586
-0.26646333032143155
0.07255928929413001
-0.6188239489902265
-0.4436141386335153
-0.631685364470715
-0.3374411990370907
-0.8269133098211909
-0.3451569306992429
-0.4332742673726689
-0.07048930776392796
-0.08441673928187425
-0.31490678932185784
-0.27452770627240697
-0.09042214543600685
-0.3774853543066014
-1.343357432128347
-1.497009306667861
-0.8446896924399525
-0.8815440280663337
-0.4980550211273981
-0.3523263142929938
-0.3502455390167762
-0.21299375037453763
-0.2366316652645542
-0.2342340486058553
-0.15828720426593326
-0.09945523196082157
0.059308525109086886
-0.2601854600461721
-0.1899308692325554
-0.17601263776551623
-0.07068649379016194
-0.22781912497333104
-0.7360797327071861
0.34235295741490845
0.4403688535498497
0.4011915009407774
0.458460851855137
0.4860288275363777
0.09663614288879004
0.35669638818198296
0.3313780518834693
0.5303167045504632
0.6194486169165239
0.31775393314743894
0.4859039973417472
0.32754681445863065
0.11759959569274608
-0.3855709633909742
-0.4606764195192401
-0.06020914394750929
-0.4412388525567703
-0.31754538921384423
-0.2924939726231328
-1.4190164414343307
-0.8486612770073795
-2.0322562043980255
-2.185667014027638
-2.1291040715077405
-2.2276445218637564
-2.0790480795041297
-0.6021856948824909
0.00017222424234347272
0.1373624451641627
0.2822645110923213
0.1815073313872099
0.19103416897164055
0.41418028801356355
0.501682457670109
0.28339471378679254
0.12866705393764055
0.10976038938561429
0.0949920294520291
0.3253994324291433
-0.31225563849334936
-0.21349375768277593
0.32785164514113496
0.2476866479690516
0.024819704852948276
-0.4795729943366765
-0.24753787199101474
-0.08118618656464191
0.3333752145163597
0.43944262756288177
0.5162286785464322
0.6915292339038852
0.5222088777399911
0.44929456451884947
0.54839425713708
0.505024523070365
0.11911526259434155
0.15431919431572988
0.3864798380835797
-0.6104871205619431
0.21597897492505225
0.17075655001690473
0.1838496399792528
-0.8538016912363449
0.02539636053875008
0.12139082711745383
-0.7583171901654137
-0.1270375623133862
-1.1700284151377618
-1.8432916389084775
-1.1565328317727792
-1.9118822873262353
-1.3703645426028501
-1.3291900221471185
-2.476411459212356
-2.543319597046744
-2.4270081672967554
-2.553995919832618
-1.6984741378997024
-0.12979473895701824
0.1279354843541629
-1.4121010051071214
-0.09660626017862085
-1.5658257957834294
-1.8609789794824403
-0.06453139171458558
-2.098335081682207
-1.08680913154791
-0.1421918021468377
0.2857768409576499
0.16654032039923006
0.006879591250392514
0.07338764408313653
-1.1257357035497182
-1.1811297378544503
-0.7310072937543378
-0.30559064654551193
-1.0012743941075382
0.12443819081884909
0.1364073218965671
0.21564966983326148
0.18025833993478663
0.2806081776265218
0.3517897229201277
0.311522195767327
0.3426861609805059
0.3339589793767058
0.21390270989452875
0.27100383406894907
0.19353635985020584
0.25676254627879225
-2.0441763103511557
-1.998181113990585
-1.0513789871565524
0.04230312513582437
0.034049228194773226
-0.221537583418158
0.2682641046862234
0.31581019708929614
0.3643872357768751
0.4152756135030414
0.3489530300456727
-0.8071720839789017
-1.332036714912667
-0.18922765953340584
0.19606250943622336
-1.0383661466485576
-1.0187865575372186
-1.1409171448343376
-2.011414071037365
-1.9970639451186076
-1.250709964077177
-1.2087885181438986
-1.1352870797864032
-1.068072205651454
-0.3125317739537189
0.2471373779928932
0.29889414368815886
-0.2685517283053161
-0.5962155083086242
-1.2674438367850758
-0.8139735084394443
-1.1153315137370443
0.21337818670999845
0.2715044593356709
-0.9659543436559705
0.2664144535019845
-1.178232211298849
0.23513081100346486
0.4009973944245271
-0.9345271404026804
-1.0124170384388145
-0.5942079620588625
0.2457428316288235
-0.7588532879509274
-1.7264402228139506
-1.0322655939929952
-0.5761686056512719
-0.7442896469927718
-0.7077477538104097
-0.31117401141516426
-1.4279209971477982
-1.9342184061236758
-2.6464183353672466
-0.8958717299912458
0.0911020353996844
0.3108677969110629
0.46545119597071916
0.21278342893375185
-1.262241764183529
-2.0782876994051698
-2.301209026876719
-2.544544959002599
-1.482105396342733
-1.4496552311605646
-0.9017310643197837
-1.3593246829153203
-1.2564258314565102
-1.8206834137692376
-1.2073868961806167
-1.753185392704518
-1.5656955689930987
0.11310140444826232
0.31742692828461094
0.244692813480912
0.16928281270016274
0.35927902744908047
-0.6230924346679622
0.1568278530664774
0.20916183590108364
-0.2585243206475801
-0.9255711838186532
-1.1685885211336278
-2.3267052616868438
-2.0760659221889224
-2.3562892951770453
-2.519948033679555
-1.8981694955277393
-1.1150420507384522
-1.0741117616382152
-0.29864475174380517
-1.0962278640145973
-0.5619492354886442
0.1656503769779379
0.31372185817779863
-1.1331143405356245
-1.277420252674956
-1.6106285998780638
-2.061108955151058
-0.19847903614651036
-1.1126668773108737
-1.8210267947529766
-1.377509621363773
-2.0351710748597815
-2.2231256285014007
-2.0405355187508567
-1.5500413913847586
-1.1993830582787088
-1.4073289929555737
-2.0388068720389083
-2.006799902517418
-0.8058524770580051
-0.03198457178441131
-0.0063678177719115395
-1.0472871553890724
-1.7602818338312014
0.1702193278696108
-0.022989567593599727
0.29930059289900124
0.3091825504066025
0.24125490802478314
0.24123125099775689
0.4425160225228983
0.23375390887839406
0.48337360903581855
0.6325716974042753
0.583379405833185
0.6893627557764472
0.7106149573753824
0.7259287868975605
0.6432965451669219
0.7232229828503074
0.22768632629244034
0.6120409757033043
0.14745870162308847
0.4150102552625505
0.20928505290897498
0.3866974461777282
0.44392077253549517
0.6705827342831033
0.6100781730208227
0.31418947476575365
0.2523214327175184
-0.7251568968171547
0.1976404939504112
0.6143346356465266
0.3227992918926065
0.3791753982549108
0.2664410910643259
0.45884393181545446
0.5956616840959879
0.6676976061428881
0.6123849708304886
0.584336001568275
0.6612275234702044
0.6798889886558602
0.4091906196376632
0.6167474738253531
0.6346156790616584
0.5381264423781188
-0.4333820893710223
-1.2275599435331255
-1.7733881819292692
-0.38021488344648974
-0.7101661512750472
-0.008850941848304091
0.2784684590789412
0.39013600025329026
0.3650343954012094
0.6126980385721293
0.2992625052601602
0.7456017624821588
0.7881842080802202
0.5387922720423961
0.7446699939997669
0.6097388966991655
0.5916906401481898
0.6693530995512323
0.9528231028619399
0.7934961208522512
0.42154875568159883
0.7826882974503245
-0.6811976396048454
0.3104908219943213
0.5471168841395908
0.6224854477490563
0.3480293390385036
0.4345495847868049
0.3847845381793348
0.4816253433648191
0.46505043529437523
0.5638031936626087
0.4609066032689306
0.8079376882292748
0.6573702626635608
0.1024838168162129
0.570184718694618
-1.2418092251983486
0.09086679133191149
0.4642702873263065
0.7089156051555127
0.6526151168331605
0.9254594256418734
0.898457793428334
0.2959033513765484
0.5525740795958852
0.6358094554809455
0.6942645300513263
0.5628284028049935
0.05993722964170903
-0.8054259230390562
-1.8678943559961567
-2.19247048358994
-0.10600644428812689
0.28081961617809903
0.4143689193561924
-0.9724159249222645
-2.120677807977154
-1.9193494227788042
-0.49181952497663567
-0.4305021016823214
-0.7789680977647165
-0.40953820158095283
-0.7316473893823462
0.13976633718148535
0.43003428793917914
0.4463896125803406
0.4234106231680215
0.5258778872994326
0.497291374196876
0.4642430568335811
0.4592981576684159
0.5707300968822635
0.4882766756174444
0.5308147454312033
0.49533812756655976
0.48275917287490117
0.5615414163133619
0.7245482108365877
-0.09354312213842382
0.23925879200941083
0.2484586219779308
-1.167990078419774
-1.8275243653201805
-2.53354397794036
-2.6435523018827576
-1.2190939602272495
0.3327924103728177
0.42586240237274076
0.4594429942697799
0.3955160805409543
0.4461341571890241
0.4237406957370615
0.40108521761315935
0.33442653096947067
0.3966180217153766
0.3945700032132966
0.18908212843708758
0.07891189180974949
-1.1655179940289337
-1.5990139967299215
-1.9679632914722873
-1.769307469439917
-1.1234276378584291
-1.0488722161058006
-0.8681772511320345
-1.8007863495898238
-1.232319074155892
0.1898589120122686
0.36407252124879824
0.33036027786472155
0.14511157598490318
0.10985507372684394
-0.03852207424895772
-0.15555852187691807
-0.18949186633312132
0.19147725153016049
0.23880577665723549
0.291586345625741
0.2246046756573836
0.031757989591611795
-0.6834767667719448
0.2838851797608663
0.4464115386486057
0.7062464138500735
0.9755410015255995
1.0175657667812832
0.9995221183860535
1.0754800218257616
0.9683525690942328
1.1580093507064912
1.1240674279079486
1.124891813265357
1.0464775431235993
1.1590446325422903
1.1197157014945303
1.1209746246521408
1.164481267887818
1.1303854919052965
1.0949776515485308
1.203861148334488
1.2308631121950824
1.2904581785661369
1.159375666545107
1.5846769693053335
1.583469188703454
1.3801926253361307
1.3861556770384575
1.3550233173691149
1.2337730179679463
1.2614208242146578
1.1145653272624714
1.0838907956462942
1.1869203604084897
1.0933007331100273
1.0453458818937427
0.019631666841474563
-1.6168864900239084
-2.4350125599506702
-1.816836214380894
-2.3472951372451076
0.28870794200206357
0.5668079862279146
0.2545938764231222
0.29048154004929305
0.12070696149484547
0.19513447255350044
0.10393760483613748
0.5010257802040647
-0.280171461966977
0.14636287395712552
-0.20080323198960992
0.15914086739393482
0.31408494927289987
-0.4736256605627141
-0.7177323380384887
0.10556008134961392
0.669422033402759
0.642017352459452
0.15256100735334163
0.3881117435454091
0.31720033563365535
0.9549562070350589
0.9469521340200742
1.0568242367300849
1.099457578946655
0.4510021178146942
0.9942631256838826
1.090168442682195
1.1147865242767168
0.9765156659527324
0.7944469430672705
0.882317017741886
0.9169895671398549
0.8619636272003927
0.9202239899251515
0.9824759593371052
0.9612971986572525
0.957813209398634
1.1032914896652293
0.9868099918058811
0.4825629738179119
0.8131689007755827
0.9478531389836269
-1.6019404710991625
-1.472862983247804
-1.067690599639491
-0.3216309654177877
-1.0838155180424338
0.004393225200039269
0.2334554702574881
0.17309412043735325
0.6881801478674084
0.433435388043911
0.8428712061526025
1.106872953080535
1.095512587145816
0.7499899167006977
0.45753706069627825
0.5695345409254998
-1.0502429821017645
-1.4567941836594782
-2.0641486186670654
-1.6636820271322244
0.15454112731691533
-1.7504983223753803
-1.9724380605897371
-0.7123526640520157
-0.6449366518770746
-1.5155583788496187
-2.5840366211370323
-1.7713605106633565
-0.8436793435667275
-0.529061576751194
-0.22291091113090317
-0.24359379994299893
-0.4512756932447518
-0.8944235922398137
-0.9432878032660454
-0.12176477094756524
0.3248940852889312
0.5109649900875979
0.6131964939861183
0.6038513287313918
0.6460577279938657
0.6736336170667172
0.7484015838141178
0.09078571868284593
0.2569773699259169
-0.4640295983975401
0.2355168853386906
0.25497520966919
0.2938649769260903
0.43481971272566855
0.6533577550152144
0.7392828908702174
0.263276210735052
0.8490867500255306
0.6531131071623654
0.6590258472970281
0.11091264029806772
0.23811867188723457
0.12091472902296793
0.2804039319975303
0.11711212083366423
-1.4440864980252364
-1.1237510840752383
-1.8772889092908729
-2.226072654104881
-1.3883395140056856
-0.8995253299118332
-0.7964427475568059
-2.193069076104452
-0.550843868329127
-1.2522761310082076
-2.131848876664186
-0.21618214392697652
0.09657317625641536
-0.15414955883296136
-0.22750520170838043
-1.241782449845416
-0.9387851860419413
0.17221708096681138
-1.1760605717695631
-1.2464857410272732
-2.0793249727470253
-1.3861600713314461
-1.6341678916842397
-0.4859335031624752
-2.268608824022383
-1.0502683370280819
-1.6408560120092333
-1.54529071795519
0.12261561892610232
0.6608686077557344
0.5658233777417881
0.7325521578086949
0.7373763188620633
0.6453244413368111
-0.41595569192281556
-1.226446830739522
-0.5243285059314017
0.37150042159102165
0.6771967180268725
0.3791313857141698
-1.2282573970563753
-0.3557229465875199
0.4703972498397117
0.3965507839697671
0.9642344763339853
0.9784342371577154
0.998607770917472
1.0179296020079636
0.9356529695481831
0.9582033227391363
0.858575974558612
0.7535834870083801
0.8613742445069446
0.6749342870846923
-0.7199251383457586
-0.2446169727825137
0.37305486238773305
0.828709061146285
0.19225206721438184
-0.6738827461121868
-2.529336415296305
-0.9219613845222807
0.23334870754957707
-0.857009067417554
0.16954087278543067
0.24861122537507702
0.30973677116720266
0.09386210139550685
-0.24726436829123813
-0.3229175842360295
-1.0484001514304138
0.09532711056434802
0.44666035686724725
0.4427768048374361
0.5388555422810236
0.647574148725972
0.702361107235876
0.805031172862333
0.3591236570202318
-0.8823033209142337
-0.2332185537492623
-1.2779342498183193
-1.9634834675186357
-2.078796085662647
-0.26967371640499616
-1.7985236280027599
-0.15987676991274977
0.5655053139006231
0.7542486330508446
0.6865189333552731
0.4249567854857517
0.530964194185269
-0.5024908817143827
0.45237367437719217
0.5217781099954473
0.33620106640751646
-1.247449560655327
-0.31171590632162743
0.3505191322922505
0.05880574325113863
-2.113235521086756
-0.7050384136832425
-1.5334495623323756
-0.38024337226923016
0.531806710892432
0.832314510694895
0.7211968001885019
0.5292382061897459
-1.471088058236663
-0.4694108227897648
0.40873142680748487
-0.004161014565177462
-1.9334528545472713
0.04094667899132278
-0.2043647525827595
-1.1012558351452473
0.22033436383444663
0.08731898571761741
-1.7542177875906768
-1.6834618367090706
-2.464775082056016
-2.325575545719803
-1.0236195306564777
-1.2607104098365083
-0.6140566495005397
-0.6821008079220187
-0.9154665397084696
-1.079527566446625
-0.9263679893591727
-0.05794775733230747
-0.9363569921950797
0.09653073103566749
0.13235824175980634
0.13401071848202598
0.12926573911386424
0.045802414893611226
-0.5460279127513118
-0.00971103761033097
-0.6717894335539948
-1.5960094283090052
-0.17753892582882425
-0.7513974542481653
-0.7770229334573416
-0.1911145291927896
-0.9937912847923159
-0.5310051349748572
0.12171668946794809
0.4532038672965602
0.660257828743487
0.7182069840417042
0.6480178707976607
0.6355949559062714
0.00671252486703967
-0.00881082171496716
-0.04281521553928416
-0.5584029264209744
-0.3777082061437313
0.01253125959725172
0.08738650212404578
0.02015409626744556
-0.4054311690209193
-0.20827387772695524
-1.8380095504743794
-2.6898819911828378
-2.6323959730628848
-2.6817585038850025
-2.628300923529901
